FID IID SEX AGE
0 CWR_6021_CWR_6021_1 2 65
0 CWR_6053_CWR_6053_1 1 87
0 CWR_6060_CWR_6060_1 2 61
0 IHG_87236_IHG_87236_1 2 82
0 IHG_87500_IHG_87500_1 2 77
0 IHG_87504_IHG_87504_1 2 70
0 IHG_87505_IHG_87505_1 2 68
0 IHG_87506_IHG_87506_1 2 76
0 IHG_87507_IHG_87507_1 2 78
0 IHG_87508_IHG_87508_1 2 73
0 IHG_87509_IHG_87509_1 2 74
0 IHG_87510_IHG_87510_1 1 72
0 IHG_87511_IHG_87511_1 2 80
0 IHG_87514_IHG_87514_1 2 72
0 IHG_87515_IHG_87515_1 2 62
0 IHG_87516_IHG_87516_1 2 82
0 IHG_87517_IHG_87517_1 2 70
0 IHG_87518_IHG_87518_1 2 60
0 IHG_87519_IHG_87519_1 2 76
0 IHG_87521_IHG_87521_1 1 81
0 IHG_87522_IHG_87522_1 2 86
0 IHG_87523_IHG_87523_1 2 83
0 IHG_87525_IHG_87525_1 2 90
0 IHG_87527_IHG_87527_1002 2 82
0 IHG_87532_IHG_87532_100 2 64
0 IHG_87533_IHG_87533_1 1 67
0 IHG_87533_IHG_87533_100 2 77
0 IHG_87534_IHG_87534_1 1 69
0 IHG_87535_IHG_87535_1001 2 76
0 IHG_87536_IHG_87536_108 1 71
0 IHG_87538_IHG_87538_1 1 78
0 IHG_87541_IHG_87541_1 2 72
0 IHG_87543_IHG_87543_101 2 80
0 IHG_87544_IHG_87544_1 1 61
0 IHG_87545_IHG_87545_1 2 59
0 IHG_87545_IHG_87545_100 1 61
0 IHG_87546_IHG_87546_1 2 82
0 IHG_87547_IHG_87547_1 2 71
0 IHG_87548_IHG_87548_1 2 64
0 IHG_87549_IHG_87549_1 2 83
0 IHG_87550_IHG_87550_1 2 70
0 IHG_87551_IHG_87551_1 2 73
0 IHG_87552_IHG_87552_1 2 90
0 IHG_87553_IHG_87553_1 2 78
0 IHG_87554_IHG_87554_1 2 88
0 IHG_87556_IHG_87556_1 1 71
0 IHG_87561_IHG_87561_1 2 73
0 IHG_87562_IHG_87562_1 1 86
0 IHG_87563_IHG_87563_1 1 74
0 IHG_87565_IHG_87565_1 2 68
0 IHG_87566_IHG_87566_1 2 62
0 IHG_87567_IHG_87567_9000 2 68
0 IHG_87568_IHG_87568_1 2 62
0 IHG_87571_IHG_87571_1 2 75
0 IHG_87572_IHG_87572_1 1 85
0 IHG_87574_IHG_87574_1 2 70
0 IHG_87574_IHG_87574_100 1 71
0 IHG_87575_IHG_87575_1 2 70
0 IHG_87576_IHG_87576_1 2 70
0 IHG_87577_IHG_87577_1 2 82
0 IHG_87578_IHG_87578_1 2 64
0 IHG_87580_IHG_87580_1 2 70
0 IHG_87581_IHG_87581_1 2 90
0 IHG_87582_IHG_87582_1 2 67
0 IHG_87584_IHG_87584_1 2 70
0 IHG_87585_IHG_87585_1 2 83
0 IHG_87586_IHG_87586_1 2 70
0 IHG_87589_IHG_87589_1 2 73
0 IHG_87590_IHG_87590_1 2 71
0 IHG_87592_IHG_87592_1 2 85
0 IHG_87593_IHG_87593_1 1 75
0 IHG_87594_IHG_87594_1 2 83
0 IHG_87595_IHG_87595_1 2 89
0 IHG_87596_IHG_87596_1 2 80
0 IHG_87597_IHG_87597_1 1 79
0 IHG_87600_IHG_87600_1 2 70
0 IHG_87601_IHG_87601_1 2 76
0 IHG_87602_IHG_87602_1 1 81
0 IHG_87603_IHG_87603_1 2 72
0 IHG_87604_IHG_87604_1 2 71
0 IHG_87605_IHG_87605_1 2 80
0 IHG_87606_IHG_87606_1 1 71
0 IHG_87607_IHG_87607_1 2 62
0 IHG_87608_IHG_87608_1001 2 74
0 IHG_87610_IHG_87610_1 1 80
0 IHG_87611_IHG_87611_1 2 79
0 IHG_87613_IHG_87613_100 2 61
0 IHG_87614_IHG_87614_1 2 83
0 IHG_87615_IHG_87615_1 1 68
0 IHG_87616_IHG_87616_1 1 72
0 IHG_87617_IHG_87617_1 2 71
0 IHG_87618_IHG_87618_1 1 90
0 IHG_87619_IHG_87619_1 2 67
0 IHG_87621_IHG_87621_1 2 85
0 IHG_87622_IHG_87622_101 2 72
0 IHG_87623_IHG_87623_1 1 79
0 IHG_87625_IHG_87625_1 2 83
0 IHG_87626_IHG_87626_1 2 68
0 IHG_87627_IHG_87627_1 1 80
0 IHG_87627_IHG_87627_100 2 77
0 IHG_87628_IHG_87628_1 2 66
0 IHG_87628_IHG_87628_100 1 64
0 IHG_87630_IHG_87630_100 2 68
0 IHG_87631_IHG_87631_1 2 68
0 IHG_87632_IHG_87632_1 2 76
0 IHG_87633_IHG_87633_1 2 70
0 IHG_87634_IHG_87634_1 2 67
0 IHG_87636_IHG_87636_1 1 62
0 IHG_87637_IHG_87637_1 2 76
0 IHG_87638_IHG_87638_100 2 73
0 IHG_87639_IHG_87639_1 2 83
0 IHG_87640_IHG_87640_1 2 75
0 IHG_87642_IHG_87642_1 2 71
0 IHG_87644_IHG_87644_1 2 78
0 IHG_87645_IHG_87645_1 2 83
0 IHG_87646_IHG_87646_1 2 84
0 IHG_87648_IHG_87648_1 2 76
0 IHG_87649_IHG_87649_100 2 66
0 IHG_87650_IHG_87650_1 2 83
0 IHG_87651_IHG_87651_1 1 76
0 IHG_87654_IHG_87654_1 2 82
0 IHG_87655_IHG_87655_1 1 74
0 IHG_87656_IHG_87656_1 1 61
0 IHG_87657_IHG_87657_1 1 69
0 IHG_87658_IHG_87658_1 2 76
0 IHG_87659_IHG_87659_1 2 95
0 IHG_87660_IHG_87660_104 2 66
0 IHG_87661_IHG_87661_1 1 80
0 IHG_87662_IHG_87662_1 2 68
0 IHG_87664_IHG_87664_1 1 61
0 IHG_87667_IHG_87667_1 2 83
0 IHG_87668_IHG_87668_1 2 76
0 IHG_87669_IHG_87669_1 2 85
0 IHG_87671_IHG_87671_1 2 84
0 IHG_87672_IHG_87672_1 1 78
0 IHG_87673_IHG_87673_1 2 83
0 IHG_87674_IHG_87674_1 1 81
0 IHG_87675_IHG_87675_1 2 63
0 IHG_87677_IHG_87677_100 1 72
0 IHG_87682_IHG_87682_100 2 75
0 IHG_87686_IHG_87686_1 2 67
0 IHG_87743_IHG_87743_1 1 75
0 IHG_87743_IHG_87743_100 2 64
0 IHG_87746_IHG_87746_1 2 82
0 IHG_87748_IHG_87748_1 2 81
0 IHG_87759_IHG_87759_100 1 89
0 IHG_87761_IHG_87761_1 1 75
0 IHG_87763_IHG_87763_1 2 70
0 IHG_87764_IHG_87764_1 2 85
0 IHG_87765_IHG_87765_1 2 88
0 IHG_87766_IHG_87766_1 2 77
0 IHG_87767_IHG_87767_1 2 82
0 IHG_87768_IHG_87768_1 2 73
0 IHG_87769_IHG_87769_1 1 88
0 IHG_87771_IHG_87771_1 2 83
0 IHG_87772_IHG_87772_1 1 85
0 IHG_87773_IHG_87773_1 2 74
0 IHG_87774_IHG_87774_1 1 90
0 IHG_87776_IHG_87776_1 2 66
0 IHG_87778_IHG_87778_1 2 80
0 IHG_87779_IHG_87779_1 2 83
0 IHG_87780_IHG_87780_1 1 65
0 IHG_87781_IHG_87781_1 1 69
0 IHG_87782_IHG_87782_1 2 78
0 IHG_87783_IHG_87783_1 2 88
0 IHG_87784_IHG_87784_1 2 70
0 IHG_87785_IHG_87785_1 1 60
0 IHG_87786_IHG_87786_1 1 78
0 IHG_87787_IHG_87787_1 1 67
0 IHG_87788_IHG_87788_1 1 61
0 IHG_87789_IHG_87789_1 1 68
0 IHG_87790_IHG_87790_1 2 71
0 IHG_87791_IHG_87791_1 1 68
0 IHG_87792_IHG_87792_1 1 66
0 IHG_87793_IHG_87793_1 2 81
0 IHG_87794_IHG_87794_1 2 68
0 IHG_87795_IHG_87795_1 2 74
0 IHG_87796_IHG_87796_1 2 74
0 IHG_87798_IHG_87798_1 2 77
0 IHG_87799_IHG_87799_1 2 87
0 IHG_87800_IHG_87800_1 2 77
0 IHG_87802_IHG_87802_1 2 73
0 IHG_87804_IHG_87804_1 2 75
0 IHG_87805_IHG_87805_1 2 71
0 IHG_87806_IHG_87806_1 1 73
0 IHG_87807_IHG_87807_100 2 77
0 IHG_87808_IHG_87808_1 2 86
0 IHG_87810_IHG_87810_1 2 79
0 IHG_87812_IHG_87812_1 2 79
0 IHG_87814_IHG_87814_1 2 78
0 IHG_87815_IHG_87815_1 2 77
0 IHG_87816_IHG_87816_1 2 76
0 IHG_87817_IHG_87817_1 2 78
0 IHG_87818_IHG_87818_1 2 71
0 IHG_87819_IHG_87819_1 1 81
0 IHG_87822_IHG_87822_1 2 81
0 IHG_87824_IHG_87824_1 2 78
0 IHG_87825_IHG_87825_1 2 100
0 IHG_87826_IHG_87826_1 2 69
0 IHG_87827_IHG_87827_1 2 71
0 IHG_87828_IHG_87828_1 1 77
0 IHG_87830_IHG_87830_1 2 76
0 IHG_87833_IHG_87833_1 2 77
0 IHG_87834_IHG_87834_1 2 83
0 IHG_87836_IHG_87836_1 1 67
0 IHG_87837_IHG_87837_1 2 75
0 IHG_87838_IHG_87838_1 2 69
0 IHG_87840_IHG_87840_1 2 75
0 IHG_87841_IHG_87841_1 2 68
0 IHG_87842_IHG_87842_1 2 75
0 IHG_87843_IHG_87843_1 1 81
0 IHG_87844_IHG_87844_1 2 69
0 IHG_87846_IHG_87846_1 2 70
0 IHG_87847_IHG_87847_1 2 65
0 IHG_87849_IHG_87849_1 2 76
0 IHG_87850_IHG_87850_1 2 68
0 IHG_87851_IHG_87851_1 2 72
0 IHG_87854_IHG_87854_1 2 65
0 IHG_87855_IHG_87855_1 2 60
0 IHG_87858_IHG_87858_1 2 62
0 IHG_87859_IHG_87859_1 1 68
0 IHG_87860_IHG_87860_1 2 72
0 IHG_87861_IHG_87861_1 2 78
0 IHG_87861_IHG_87861_100 1 81
0 IHG_87862_IHG_87862_1 1 65
0 IHG_87863_IHG_87863_1 2 71
0 IHG_87864_IHG_87864_1 2 77
0 IHG_87866_IHG_87866_1 2 86
0 IHG_87867_IHG_87867_1 2 77
0 IHG_87868_IHG_87868_1 2 70
0 IHG_87869_IHG_87869_1 1 80
0 IHG_87869_IHG_87869_100 2 74
0 IHG_87870_IHG_87870_1 2 69
0 IHG_87871_IHG_87871_1 2 67
0 IHG_87872_IHG_87872_1 2 68
0 IHG_87873_IHG_87873_1 1 83
0 IHG_87874_IHG_87874_1 2 72
0 IHG_87875_IHG_87875_1 2 68
0 IHG_87879_IHG_87879_1 1 69
0 IHG_87881_IHG_87881_1 2 79
0 IHG_87882_IHG_87882_1 1 71
0 IHG_87883_IHG_87883_1 2 79
0 IHG_87886_IHG_87886_1 1 59
0 IHG_87887_IHG_87887_1 2 71
0 IHG_87888_IHG_87888_1 2 72
0 IHG_87889_IHG_87889_1 1 79
0 IHG_87892_IHG_87892_1 1 70
0 IHG_87893_IHG_87893_1 2 67
0 IHG_87894_IHG_87894_1 2 67
0 IHG_87897_IHG_87897_1 1 82
0 IHG_87899_IHG_87899_1 2 77
0 IHG_87901_IHG_87901_1 2 69
0 IHG_87903_IHG_87903_1 2 67
0 IHG_87906_IHG_87906_1 1 71
0 IHG_87906_IHG_87906_100 2 77
0 IHG_87908_IHG_87908_100 2 80
0 IHG_87910_IHG_87910_1 2 84
0 IHG_87912_IHG_87912_1 2 60
0 IHG_87914_IHG_87914_1 2 73
0 IHG_87915_IHG_87915_1 2 75
0 IHG_87917_IHG_87917_1 1 64
0 IHG_87918_IHG_87918_1 1 67
0 IHG_87919_IHG_87919_1 1 64
0 IHG_87921_IHG_87921_1 2 80
0 IHG_87922_IHG_87922_1 2 78
0 IHG_87923_IHG_87923_1 1 83
0 IHG_87924_IHG_87924_1 2 81
0 IHG_87925_IHG_87925_1 1 70
0 IHG_87926_IHG_87926_1 1 73
0 IHG_87928_IHG_87928_1 2 68
0 IHG_87930_IHG_87930_1 1 75
0 IHG_87931_IHG_87931_1 2 83
0 IHG_87933_IHG_87933_1 1 80
0 IHG_87934_IHG_87934_1 1 68
0 IHG_87935_IHG_87935_1 1 74
0 IHG_87935_IHG_87935_100 2 77
0 IHG_87936_IHG_87936_1 2 73
0 IHG_87937_IHG_87937_1 1 70
0 IHG_87940_IHG_87940_1 2 64
0 IHG_87942_IHG_87942_1 1 81
0 IHG_87943_IHG_87943_1 1 84
0 IHG_87945_IHG_87945_1 2 80
0 IHG_87947_IHG_87947_1 2 73
0 IHG_87949_IHG_87949_1 2 80
0 IHG_87955_IHG_87955_1 2 73
0 IHG_87956_IHG_87956_1 1 82
0 IHG_87957_IHG_87957_1 2 80
0 IHG_87959_IHG_87959_1 2 79
0 IHG_87960_IHG_87960_1 1 67
0 IHG_87963_IHG_87963_1 1 71
0 IHG_87966_IHG_87966_1 2 71
0 IHG_87971_IHG_87971_1 1 80
0 IHG_87973_IHG_87973_1 2 78
0 IHG_87975_IHG_87975_1 2 66
0 IHG_87976_IHG_87976_1 2 69
0 IHG_87979_IHG_87979_1 1 63
0 IHG_87980_IHG_87980_1 2 60
0 IHG_87983_IHG_87983_1 2 84
0 IHG_87987_IHG_87987_1 1 74
0 IHG_87987_IHG_87987_100 2 70
0 IHG_87989_IHG_87989_1 2 74
0 IHG_87991_IHG_87991_1 1 70
0 IHG_87991_IHG_87991_100 2 73
0 IHG_87992_IHG_87992_1 1 62
0 IHG_87999_IHG_87999_1 2 60
0 IHG_88001_IHG_88001_1 2 73
0 IHG_88002_IHG_88002_1 2 72
0 IHG_88002_IHG_88002_100 2 68
0 IHG_88003_IHG_88003_1 2 65
0 IHG_88004_IHG_88004_1 2 67
0 IHG_88005_IHG_88005_9002 2 70
0 IHG_88008_IHG_88008_1 2 72
0 IHG_88009_IHG_88009_1 2 86
0 IHG_88012_IHG_88012_1 2 77
0 IHG_88013_IHG_88013_1 2 88
0 IHG_88016_IHG_88016_1 2 63
0 IHG_88018_IHG_88018_1 2 75
0 IHG_88019_IHG_88019_1 2 71
0 IHG_88022_IHG_88022_100 2 69
0 IHG_88024_IHG_88024_1 2 71
0 IHG_88025_IHG_88025_1 2 74
0 IHG_88034_IHG_88034_100 1 78
0 IHG_88035_IHG_88035_100 1 83
0 IHG_88036_IHG_88036_1 2 62
0 IHG_88037_IHG_88037_1 2 78
0 IHG_88037_IHG_88037_100 1 69
0 IHG_88038_IHG_88038_1 2 80
0 IHG_88039_IHG_88039_1 1 85
0 IHG_88041_IHG_88041_1 2 77
0 IHG_88042_IHG_88042_1 2 81
0 IHG_88043_IHG_88043_1 1 81
0 IHG_88044_IHG_88044_100 2 86
0 IHG_88045_IHG_88045_1 2 70
0 IHG_88046_IHG_88046_1 2 88
0 IHG_88048_IHG_88048_1 2 79
0 IHG_88050_IHG_88050_1 2 87
0 IHG_88055_IHG_88055_1 2 73
0 IHG_88058_IHG_88058_1 2 68
0 IHG_88060_IHG_88060_1 2 73
0 IHG_88062_IHG_88062_1 2 86
0 IHG_88063_IHG_88063_1 1 91
0 IHG_88064_IHG_88064_1 2 75
0 IHG_88069_IHG_88069_1 1 76
0 IHG_88071_IHG_88071_1 2 73
0 IHG_88072_IHG_88072_1 2 66
0 IHG_88075_IHG_88075_1 2 74
0 IHG_88077_IHG_88077_1 1 79
0 IHG_88077_IHG_88077_100 2 71
0 IHG_88084_IHG_88084_1 1 70
0 IHG_88085_IHG_88085_1 2 70
0 IHG_88086_IHG_88086_1 2 64
0 IHG_88091_IHG_88091_1 1 89
0 IHG_88092_IHG_88092_1 1 64
0 IHG_88094_IHG_88094_1 1 77
0 IHG_88095_IHG_88095_1 1 68
0 IHG_88097_IHG_88097_1 2 62
0 IHG_88098_IHG_88098_100 2 70
0 IHG_88101_IHG_88101_100 1 78
0 IHG_88102_IHG_88102_1 1 70
0 IHG_88103_IHG_88103_100 1 79
0 IHG_88106_IHG_88106_1 2 85
0 IHG_88108_IHG_88108_1 2 77
0 IHG_88111_IHG_88111_1 2 67
0 IHG_88113_IHG_88113_1 2 76
0 IHG_88120_IHG_88120_1 2 68
0 IHG_88121_IHG_88121_1 2 74
0 IHG_88128_IHG_88128_1 2 67
0 IHG_88130_IHG_88130_1 2 69
0 IHG_88131_IHG_88131_1 2 76
0 IHG_88132_IHG_88132_1 2 73
0 IHG_88137_IHG_88137_1 2 79
0 IHG_88138_IHG_88138_1 2 67
0 IHG_88142_IHG_88142_1 1 69
0 IHG_88143_IHG_88143_1 2 64
0 IHG_88145_IHG_88145_100 2 70
0 IHG_88148_IHG_88148_1 2 70
0 IHG_88150_IHG_88150_1 2 64
0 IHG_88151_IHG_88151_1 2 65
0 IHG_88152_IHG_88152_1 1 85
0 IHG_88156_IHG_88156_1 1 79
0 IHG_88158_IHG_88158_1 2 84
0 IHG_88159_IHG_88159_1 2 80
0 IHG_88160_IHG_88160_1 2 75
0 IHG_88162_IHG_88162_1 1 81
0 IHG_88167_IHG_88167_1 2 77
0 IHG_88170_IHG_88170_1 1 65
0 IHG_88174_IHG_88174_1 1 71
0 IHG_88176_IHG_88176_1 2 92
0 IHG_88177_IHG_88177_1 2 69
0 IHG_88189_IHG_88189_1 2 72
0 IHG_88191_IHG_88191_1 2 82
0 IHG_88194_IHG_88194_1 2 63
0 IHG_88195_IHG_88195_1 1 80
0 IHG_88198_IHG_88198_1 2 76
0 IHG_88212_IHG_88212_1 2 77
0 IHG_88216_IHG_88216_1 2 71
0 IHG_88224_IHG_88224_1 2 63
0 IHG_88227_IHG_88227_1 2 88
0 IHG_88228_IHG_88228_1 2 79
0 IHG_88229_IHG_88229_1 2 71
0 IHG_88232_IHG_88232_1 2 75
0 IHG_88233_IHG_88233_1 2 82
0 IHG_88234_IHG_88234_1 2 73
0 IHG_88236_IHG_88236_1 1 91
0 IHG_88238_IHG_88238_1 2 75
0 IHG_88240_IHG_88240_1 2 76
0 IHG_88242_IHG_88242_1 1 69
0 IHG_88242_IHG_88242_100 2 77
0 IHG_88243_IHG_88243_1 1 74
0 IHG_88245_IHG_88245_1 2 82
0 IHG_88251_IHG_88251_1 2 76
0 IHG_88252_IHG_88252_100 2 70
0 IHG_88254_IHG_88254_1 2 86
0 IHG_88255_IHG_88255_1 2 83
0 IHG_88256_IHG_88256_1 2 80
0 IHG_88257_IHG_88257_1 1 66
0 IHG_88258_IHG_88258_1 2 78
0 IHG_88262_IHG_88262_1 2 81
0 IHG_88265_IHG_88265_1 2 66
0 IHG_88269_IHG_88269_1 2 64
0 IHG_88270_IHG_88270_1 2 79
0 IHG_88274_IHG_88274_1 2 67
0 IHG_88280_IHG_88280_1 1 77
0 IHG_88280_IHG_88280_100 2 81
0 IHG_88281_IHG_88281_1 2 70
0 IHG_88284_IHG_88284_1 1 81
0 IHG_88289_IHG_88289_1 2 71
0 IHG_88290_IHG_88290_1 2 69
0 IHG_88292_IHG_88292_1 2 86
0 IHG_88295_IHG_88295_1 2 79
0 IHG_88297_IHG_88297_1 2 74
0 IHG_88298_IHG_88298_1 2 75
0 IHG_88299_IHG_88299_1 2 75
0 IHG_88299_IHG_88299_100 2 75
0 IHG_88302_IHG_88302_1 2 68
0 IHG_88303_IHG_88303_1 2 71
0 IHG_88305_IHG_88305_1 2 89
0 IHG_88306_IHG_88306_1 2 71
0 IHG_88308_IHG_88308_1 2 84
0 IHG_88309_IHG_88309_1 1 86
0 IHG_88314_IHG_88314_1 2 82
0 IHG_88316_IHG_88316_1 2 83
0 IHG_88319_IHG_88319_1 2 69
0 IHG_88320_IHG_88320_1 2 73
0 IHG_88321_IHG_88321_1 2 74
0 IHG_88323_IHG_88323_1 2 73
0 IHG_88324_IHG_88324_1 2 67
0 IHG_88325_IHG_88325_1 1 81
0 IHG_88326_IHG_88326_1 2 81
0 IHG_88328_IHG_88328_1 2 66
0 IHG_88329_IHG_88329_1 2 77
0 IHG_88330_IHG_88330_1 2 84
0 IHG_88331_IHG_88331_1 1 84
0 IHG_88332_IHG_88332_1 1 70
0 IHG_88334_IHG_88334_1 2 66
0 IHG_88337_IHG_88337_1 2 68
0 IHG_88338_IHG_88338_1 2 65
0 IHG_88339_IHG_88339_1 1 78
0 IHG_88340_IHG_88340_1 2 65
0 IHG_88341_IHG_88341_1 2 70
0 IHG_88342_IHG_88342_1 2 82
0 IHG_88343_IHG_88343_1 2 67
0 IHG_88344_IHG_88344_1 2 72
0 IHG_88346_IHG_88346_1 2 66
0 IHG_88348_IHG_88348_1 2 76
0 IHG_88349_IHG_88349_1 2 70
0 IHG_88350_IHG_88350_1 1 70
0 IHG_88351_IHG_88351_1 1 65
0 IHG_88352_IHG_88352_1 2 65
0 IHG_88353_IHG_88353_1 2 70
0 IHG_88354_IHG_88354_1 2 79
0 IHG_88356_IHG_88356_1 2 79
0 IHG_88357_IHG_88357_1 2 69
0 IHG_88358_IHG_88358_1 2 80
0 IHG_88359_IHG_88359_1 2 66
0 IHG_88362_IHG_88362_1 2 73
0 IHG_88363_IHG_88363_1 2 78
0 IHG_88365_IHG_88365_1 1 75
0 IHG_88368_IHG_88368_1 2 80
0 IHG_88369_IHG_88369_1 2 77
0 IHG_88370_IHG_88370_1 2 79
0 IHG_88372_IHG_88372_1 2 73
0 IHG_88374_IHG_88374_1 2 72
0 IHG_88375_IHG_88375_1 2 69
0 IHG_88376_IHG_88376_1 2 71
0 IHG_88378_IHG_88378_1 2 83
0 IHG_88379_IHG_88379_1 1 69
0 IHG_88380_IHG_88380_1 2 69
0 IHG_88382_IHG_88382_1 2 80
0 IHG_88383_IHG_88383_1 2 88
0 IHG_88386_IHG_88386_1 2 81
0 IHG_88389_IHG_88389_1 2 85
0 IHG_88390_IHG_88390_1 2 76
0 IHG_88391_IHG_88391_1 1 81
0 IHG_88392_IHG_88392_1 1 91
0 IHG_88394_IHG_88394_1 2 76
0 IHG_88396_IHG_88396_1 2 65
0 IHG_88397_IHG_88397_1 2 64
0 IHG_88398_IHG_88398_1 2 82
0 IHG_88399_IHG_88399_1 2 72
0 IHG_88400_IHG_88400_1 1 66
0 IHG_88406_IHG_88406_1 1 73
0 IHG_88408_IHG_88408_1 2 71
0 IHG_88409_IHG_88409_1 2 84
0 IHG_88410_IHG_88410_1 2 84
0 IHG_88411_IHG_88411_1 1 92
0 IHG_88412_IHG_88412_1 2 74
0 IHG_88413_IHG_88413_1 2 92
0 IHG_88415_IHG_88415_1 2 80
0 IHG_88416_IHG_88416_1 2 83
0 IHG_88417_IHG_88417_1 2 75
